0.600170 0.399790 0.000010 0.000010 0.000010 0.000010
0.977689 0.021909 0.000010 0.000236 0.000147 0.000010
0.999950 0.000010 0.000010 0.000010 0.000010 0.000010
0.953388 0.045527 0.000010 0.000010 0.000010 0.001055
0.999950 0.000010 0.000010 0.000010 0.000010 0.000010
0.000010 0.999100 0.000860 0.000010 0.000010 0.000010
0.997062 0.002898 0.000010 0.000010 0.000010 0.000010
0.000010 0.999950 0.000010 0.000010 0.000010 0.000010
0.000010 0.000432 0.000010 0.777990 0.221548 0.000010
0.000310 0.000010 0.000010 0.834096 0.165168 0.000406
0.000010 0.000832 0.000010 0.757983 0.240784 0.000381
0.000010 0.000010 0.000361 0.000010 0.999599 0.000010
0.000010 0.000010 0.000010 0.000010 0.999950 0.000010
0.000010 0.000010 0.000010 0.999950 0.000010 0.000010
0.000010 0.000010 0.000010 0.999950 0.000010 0.000010
0.000010 0.000444 0.000010 0.962807 0.036719 0.000010
0.000010 0.000010 0.000010 0.999950 0.000010 0.000010
0.000010 0.000010 0.000010 0.000010 0.000129 0.999831
0.000010 0.000010 0.000010 0.000010 0.000010 0.999950
0.000010 0.000010 0.000010 0.000010 0.000010 0.999950
0.000010 0.003055 0.906378 0.000010 0.000010 0.090537
0.000010 0.000010 0.994385 0.000010 0.000010 0.005575
0.000010 0.000010 0.999950 0.000010 0.000010 0.000010
0.000010 0.000010 0.992942 0.000010 0.001282 0.005746
0.000010 0.000010 0.997826 0.000010 0.000410 0.001733
0.000010 0.006036 0.937265 0.000010 0.000010 0.056669
0.000010 0.000010 0.994142 0.000010 0.000010 0.005818
