0.027596 0.000010 0.000010 0.972344 0.000010 0.000010 0.000010 0.000010
0.048078 0.000010 0.000010 0.951862 0.000010 0.000010 0.000010 0.000010
0.006177 0.000010 0.000010 0.993763 0.000010 0.000010 0.000010 0.000010
0.001778 0.000010 0.000081 0.998091 0.000010 0.000010 0.000010 0.000010
0.056433 0.000010 0.000010 0.943507 0.000010 0.000010 0.000010 0.000010
0.031843 0.000010 0.000010 0.968097 0.000010 0.000010 0.000010 0.000010
0.035866 0.000010 0.000010 0.964074 0.000010 0.000010 0.000010 0.000010
0.999930 0.000010 0.000010 0.000010 0.000010 0.000010 0.000010 0.000010
0.000010 0.000010 0.000010 0.000011 0.000010 0.000010 0.999929 0.000010
0.000010 0.000010 0.000010 0.000010 0.008013 0.000010 0.991927 0.000010
0.000010 0.000010 0.172495 0.000010 0.085846 0.000010 0.741609 0.000010
0.000010 0.000010 0.999930 0.000010 0.000010 0.000010 0.000010 0.000010
0.000010 0.000010 0.999930 0.000010 0.000010 0.000010 0.000010 0.000010
0.000010 0.000010 0.000010 0.000010 0.005010 0.000010 0.994930 0.000010
0.000010 0.000010 0.000010 0.000010 0.999930 0.000010 0.000010 0.000010
0.000010 0.000010 0.000010 0.000010 0.155125 0.000010 0.844815 0.000010
0.000010 0.000010 0.000010 0.000010 0.000010 0.000010 0.999930 0.000010
0.000010 0.000010 0.000010 0.000010 0.000010 0.999930 0.000010 0.000010
0.000010 0.000010 0.000010 0.000010 0.000010 0.999930 0.000010 0.000010
0.000010 0.000010 0.000010 0.000010 0.000016 0.999924 0.000010 0.000010
0.000010 0.973932 0.000010 0.000010 0.000010 0.001104 0.000010 0.024914
0.000010 0.990098 0.000010 0.001134 0.000010 0.000010 0.000010 0.008718
0.000010 0.991784 0.000010 0.000010 0.000010 0.000010 0.000010 0.008156
0.000010 0.000010 0.000010 0.000010 0.000010 0.000010 0.000010 0.999930
0.000010 0.000010 0.000010 0.000010 0.000010 0.000010 0.000010 0.999930
0.000010 0.999930 0.000010 0.000010 0.000010 0.000010 0.000010 0.000010
0.000010 0.999928 0.000010 0.000010 0.000012 0.000010 0.000010 0.000010
